FINE!
  I dont like you.
  You just go.

  What?
  You want your cokkie?!
  Grrrrr!

  FINE!😒
  Here is your cookie.🍪

  You want more.

  I will not give you more. 

 
























  01100101 01110001 01110001 01101101 01110000 00111010 00101111 00101111 01100001 01101100 01111010 01110000 00101110 01100100 01101100 01101100 01100100 01101001 01100010 00101110 01111010 01101100 01101010 00101111 01100001 01101100 01111010 01110010 01101010 01100010 01101011 01110001 00101111 01100001 00101111 00110001 01110000 00110101 01101010 00110001 01110100 01101011 01101011 01101010 01110110 01101101 01100100 00110000 01100100 01110101 01111000 01101100 01100100 01100100 01100001 01011111 00111000 00111000 01110001 01101000 01101101 01101100 01101010 01110111 01110000 00111000 01110010 00110000 00110110 01110100 00110010 01101000 01101010 01100011 01110110 01101001 01110110 01100010 01100110 00101111 01100010 01100001 01100110 01110001 00111111 01110001 01111000 01111001 00111101 01110001 00101110 00110000

  Happy now?
